Timestamp,Ch1_RMS,Ch1_CV,Ch1_MAV,Ch2_RMS,Ch2_CV,Ch2_MAV,Ch3_RMS,Ch3_CV,Ch3_MAV,Ch4_RMS,Ch4_CV,Ch4_MAV,Ch5_RMS,Ch5_CV,Ch5_MAV,Ch6_RMS,Ch6_CV,Ch6_MAV,Ch7_RMS,Ch7_CV,Ch7_MAV,Ch8_RMS,Ch8_CV,Ch8_MAV,Ch9_RMS,Ch9_CV,Ch9_MAV,Ch10_RMS,Ch10_CV,Ch10_MAV,Ch11_RMS,Ch11_CV,Ch11_MAV,Ch12_RMS,Ch12_CV,Ch12_MAV,
2025-03-17 21:00:24,886.30,13.73,611.29,1068.84,16.92,768.42,1009.52,20.61,718.23,1016.22,7.82,718.75,893.50,6.84,633.58,903.79,5.33,621.82,876.65,25.15,584.75,873.60,12.04,615.71,821.94,8.85,582.62,852.01,9.48,597.81,886.86,23.09,619.16,953.52,32.60,682.23
2025-03-17 21:00:25,831.85,16.63,580.64,1054.19,126.96,751.39,951.72,62.65,701.58,950.68,5.50,673.61,876.12,5.41,626.51,861.58,5.96,617.43,792.47,11.56,543.40,802.51,5.92,568.93,797.37,8.84,569.46,798.64,5.97,574.49,870.25,5.23,641.57,879.06,8.44,649.88
2025-03-17 21:00:26,988.70,16.75,705.50,1115.31,16.93,820.47,1042.27,46.14,790.74,1002.68,4.25,729.14,946.70,4.42,680.74,954.62,6.33,708.66,895.77,81.41,634.97,921.04,7.91,666.61,900.57,8.94,652.33,957.80,10.16,697.97,1053.30,5.87,801.03,998.72,8.06,755.81
2025-03-17 21:00:27,991.35,30.93,708.80,1052.71,32.75,795.35,982.62,6.27,728.76,1015.24,11.14,728.85,880.34,11.48,630.70,927.18,9.63,675.82,904.72,22.81,630.77,966.32,23.06,686.14,861.95,19.12,595.60,879.15,14.53,632.71,1007.90,22.85,732.85,1033.80,257.55,777.98
2025-03-17 21:00:28,899.12,25.28,625.04,1078.93,18.82,802.49,942.77,23.30,675.58,1017.76,5.86,719.40,906.39,8.10,652.56,909.89,6.22,644.64,836.33,68.40,577.67,935.13,9.47,654.70,792.38,31.18,532.94,807.65,7.70,561.39,936.79,9.90,678.50,983.89,219.96,745.39
2025-03-17 21:00:29,854.87,239.39,573.96,1024.34,53.75,737.02,940.49,22.88,669.88,945.67,5.70,671.14,914.96,4.67,656.99,878.77,5.68,622.51,830.95,18.41,565.02,853.16,8.42,593.09,778.55,12.27,535.70,849.48,10.60,603.12,924.35,7.12,667.24,886.18,11.50,655.50
2025-03-17 21:00:30,819.84,24.74,558.81,992.22,57.98,706.91,898.09,108.84,632.70,913.20,8.22,631.82,872.46,6.20,615.70,849.31,7.16,586.19,783.60,10.68,525.22,813.05,6.52,571.48,767.82,6.67,544.65,816.59,7.66,574.62,883.44,8.87,629.73,874.81,24.64,620.59
SNR,2025-03-17 21:00:31,-0.12,-0.35,-0.02,-0.30,-0.08,-0.34,-0.35,-0.63,0.24,-0.01,-0.00,-0.24
2025-03-17 21:00:31,851.79,664.42,585.46,1012.19,11.42,735.48,946.85,41.05,673.77,943.24,8.88,638.30,896.17,5.33,622.84,850.34,6.98,580.18,810.72,10.75,544.39,839.73,10.09,583.10,835.77,9.60,584.77,835.34,8.70,591.38,926.97,12.75,660.93,912.28,42.76,657.58
2025-03-17 21:00:32,866.99,13.01,604.07,1037.90,20.08,757.31,990.86,19.77,716.96,969.99,10.35,682.07,883.53,6.44,640.43,859.26,6.44,603.60,840.53,20.42,578.73,875.10,11.81,606.99,797.70,778.24,564.44,795.76,13.03,581.26,894.32,11.20,655.01,912.94,74.44,670.38
2025-03-17 21:00:33,810.99,9.21,545.13,995.51,23.79,708.60,913.27,12.95,659.19,910.96,7.63,622.82,845.80,6.45,601.50,797.37,5.12,551.42,765.28,32.97,508.42,809.69,7.37,558.67,776.42,16.62,546.80,785.71,8.74,549.21,906.73,10.87,647.43,921.44,55.66,678.59
2025-03-17 21:00:34,710.77,17.04,466.74,957.20,21.41,683.86,848.34,954.27,605.16,877.86,6.35,587.83,762.60,6.22,524.12,772.82,4.79,541.37,692.54,9.89,449.60,783.65,6.01,532.55,702.55,18.17,486.72,719.06,8.65,495.59,875.91,9.70,610.25,884.55,108.89,639.62
2025-03-17 21:00:35,792.74,85.13,528.98,946.76,27.78,685.58,852.92,90.82,584.43,851.96,7.44,570.28,844.10,7.38,585.05,804.69,6.56,551.89,776.80,10.90,499.48,829.93,7.21,571.29,750.13,18.22,512.43,823.22,13.38,565.71,945.34,7.85,669.37,902.43,38.59,668.53
